4223
2000
2001
2002
2003
2004
2005
2006
2007
2008
2009
2010
2011
2012
2013
2014
2015
2016
2017
2018
2019
2020
2021
2022
2023
2024
2028
2029
2030
2031
2032
2033
2034
2035
2037
2038
2039
2040
2041
2042
2043
2046
2047
2048
2049
2050
2051
2052
2053
2054
2055
2058
2059
2060
2061
2063
2064
2067
2068
2069
2070
2071
2072
2073
2074
2075
2076
2077
2078
2079
2080
2081
2082
2083
2084
2087
2088
2089
2090
2091
2092
2095
2100
2136
2137
2139
2140
2141
2142
2143
2144
2145
2146
2147
2148
2149
2150
2157
2158
2159
2160
2161
2162
2164
2165
2166
2167
2168
2169
2170
2175
2176
2177
2178
2179
2180
2188
2189
2190
2191
2196
2197
2198
2199
2201
2202
2203
2206
2207
2208
2209
2210
2211
2212
2213
2214
2215
2216
2217
2219
2220
2235
2236
2237
2239
2240
2244
2245
2254
2260
2261
2262
2294
2295
2311
2312
2313
2315
2316
2319
2320
2321
2322
2323
2324
2325
2327
2328
2329
2338
2339
2340
2349
2350
2351
2352
2353
2370
2371
2372
2373
2374
2391
2392
2393
2394
2395
2396
2397
2398
2399
2400
2401
2402
2403
2404
2405
2422
2423
2424
2425
2426
2462
2463
2464
2465
2466
2467
2468
2469
2470
2471
2472
2473
2474
2492
2493
2494
2495
2496
2497
2498
2499
2500
2501
2502
2503
2504
2505
2523
2524
2525
2526
2527
2528
2529
2530
2531
2532
2533
2534
2535
2536
2537
2538
2539
2540
2541
2542
2543
2544
2545
2582
2583
2584
2585
2586
2587
2588
2589
2590
2591
2592
2593
2594
2595
2596
2597
2598
2599
2600
2601
2602
2603
2604
2605
2641
2642
2643
2644
2645
2646
2647
2648
2649
2650
2651
2652
2653
2654
2655
2656
2657
2658
2659
2660
2661
2662
2663
2699
2700
2701
2702
2703
2704
2705
2706
2707
2708
2709
2710
2711
2712
2713
2714
2715
2716
2717
2718
2719
2720
2721
2736
2737
2759
2760
2776
2777
2778
2780
2781
2790
2792
2793
2802
2803
2813
2823
2824
2828
2829
2830
2840
2852
2880
2881
2882
2884
2885
2889
2890
2899
2905
2906
2907
2931
2932
2935
2936
2937
2938
2939
2940
2941
2942
2943
2944
2945
2946
2947
2948
2949
2950
2951
2952
2958
2959
2960
2961
2962
2965
2966
2967
2968
2969
2970
2971
2972
2973
2975
2979
2980
2987
2989
2990
2999
3003
3004
3006
3007
3008
3009
3010
3011
3012
3013
3014
3015
3016
3017
3018
3019
3020
3021
3022
3023
3024
3025
3026
3027
3028
3029
3030
3036
3037
3038
3039
3040
3041
3042
3043
3044
3045
3046
3047
3048
3049
3050
3051
3054
3055
3056
3058
3059
3061
3062
3063
3064
3065
3066
3067
3069
3070
3071
3072
3073
3074
3075
3076
3077
3103
3104
3105
3106
3108
3109
3114
3115
3116
3117
3118
3119
3126
3127
3128
3129
3130
3131
3132
3133
3134
3135
3136
3137
3138
3146
3147
3150
3151
3152
3160
3177
3178
3179
3180
3181
3182
3183
3184
3185
3186
3187
3188
3189
3190
3191
3192
3193
3194
3195
3196
3197
3198
3199
3201
3202
3203
3307
3312
3313
3315
3316
3317
3318
3319
3320
3321
3322
3323
3324
3325
3326
3327
3329
3330
3331
3332
3333
3334
3335
3336
3339
3340
3341
3342
3343
3344
3345
3346
3350
3351
3352
3353
3354
3355
3356
3357
3367
3368
3369
3374
3386
3387
3391
3392
3393
3396
3397
3398
3399
3424
3432
3435
3437
3438
3439
3440
3443
3445
3446
3449
3450
3461
3462
3463
3464
3465
3466
3509
3510
3511
3512
3516
3517
3518
3519
3520
3521
3528
3529
3532
3533
3534
3535
3554
3555
3556
3557
3558
3597
3598
3613
3614
3615
3616
3623
3624
3625
3626
3629
3630
3653
3654
3684
3701
3723
3724
3725
3726
3727
3746
3747
3748
3749
3761
3763
3765
3767
3768
3769
3770
3787
3794
3814
3815
3816
3833
3834
3835
3836
3837
3838
3839
3840
3841
3842
3843
3845
3846
3847
3848
3849
3850
3854
3873
3874
3875
3876
3877
3878
3879
3880
3881
3882
3883
3884
3885
3890
3891
3892
3893
3907
3908
3909
3910
3911
3912
3920
3986
3987
3988
3989
3997
4026
4037
4038
4048
4049
4050
4051
4056
4057
4058
4059
4060
4061
4062
4063
4071
4082
4083
4093
4094
4095
4096
4417
4418
4419
4434
4438
4439
4467
4471
4474
4489
4491
4492
4493
4502
4503
4504
4513
4514
4515
4516
4517
4534
4535
4536
4537
4538
4559
4568
4569
4570
4579
4580
4581
4647
4652
4653
4654
4655
4656
4782
4783
4784
4785
4786
4855
4856
4857
4858
4859
4860
4861
4862
4863
4864
4865
4866
4867
4868
4869
4870
4871
4872
4873
4874
4875
4876
4877
4878
4879
4880
5014
5015
5016
5018
5048
5105
5106
5107
5108
5109
5110
5111
5112
5113
5114
5115
5116
5117
5118
5119
5120
5121
5122
5123
5124
5125
5126
5127
5128
5129
5130
5223
5234
5235
5253
5254
5255
5256
5257
5258
5259
5269
5270
5271
5272
5273
5274
5275
5293
5294
5299
5301
5303
5305
5316
5337
5343
5344
5345
5346
5347
5348
5349
5355
5356
5357
5361
5362
5367
5382
5383
5387
5388
5389
5396
5463
5466
5490
5520
5523
5531
5532
5533
5534
5535
5536
5537
5538
5539
20004
20005
20006
20007
20008
20009
20010
20011
20012
20013
20014
20015
20064
20065
20066
20067
20068
20069
20070
20071
20072
20073
20074
20075
20135
20136
20137
20138
20436
20437
20438
20439
20440
20499
20538
20539
20790
20791
20822
20823
20824
20934
20935
20936
21035
21036
21037
21095
21096
21097
21291
21292
21413
21414
21415
21453
21454
21455
21473
21474
21475
21817
21818
21891
21892
21893
21894
21896
21897
21898
21899
22032
22033
22091
22092
22171
22172
22173
22174
22175
22176
22177
22181
22182
22183
22184
22185
22186
22187
22191
22192
22193
22194
22195
22196
22197
22234
22235
22236
22275
22277
22279
22281
22283
22285
22287
22289
22291
22293
22332
22391
22392
22521
22522
22523
22524
22525
22832
22991
22992
22993
22994
23028
23029
23030
23031
23032
23033
23034
23035
23036
23037
23038
23090
23095
23239
23240
23433
24305
24311
24312
24313
24342
24343
24344
24345
24718
24719
24720
24817
24818
24819
24820
24821
24877
24878
24879
24880
24881
24882
24891
24892
24893
25000
25231
25828
25829
25830
25831
25832
25833
25834
25835
25836
25837
25838
25884
25932
26237
26331
26332
26391
26392
26393
26432
26591
26592
26632
26692
26716
26717
26718
26719
26720
26721
26722
26729
26730
26757
26758
26759
26766
26767
26771
26773
26774
26783
26784
26794
26801
26802
26803
26814
26815
26825
26826
26836
26837
26847
26848
26855
26856
26863
26864
26891
26892
26893
26894
26895
26898
26899
26916
26917
26918
26919
26920
26921
26922
26923
26929
26930
26957
26958
26959
26966
26967
26971
26973
26974
26983
26984
26994
27037
27038
27039
27040
27120
27391
27392
27393
27394
27395
27396
27397
27398
27429
27492
27493
27700
28192
28232
28402
28403
28404
28405
28406
28407
28408
28409
28410
28411
28412
28413
28414
28415
28462
28463
28464
28465
28466
28467
28468
28469
28470
28471
28472
28473
28474
28475
28600
29118
29119
29120
29121
29122
29168
29169
29170
29171
29172
29177
29178
29179
29180
29181
29182
29183
29184
29185
29187
29188
29189
29190
29191
29192
29193
29194
29195
29220
29221
29333
29371
29373
29375
29377
29379
29381
29383
29385
29635
29636
29738
29739
29900
29901
29902
29903
30339
30340
30729
30730
30731
30732
30800
31028
31121
31154
31170
31171
31251
31252
31253
31254
31255
31256
31257
31258
31259
31265
31266
31267
31268
31275
31276
31277
31278
31279
31281
31282
31283
31284
31285
31286
31288
31289
31290
31291
31292
31293
31294
31295
31296
31461
31462
31463
31464
31465
31466
31467
31468
31469
31528
31529
31838
31839
31900
31901
31970
31971
31972
31973
31974
31975
31976
31977
31978
31979
31980
31981
31982
31983
31984
31985
31986
31987
31988
31989
31990
31991
31992
31993
31994
31995
31996
31997
31998
31999
32000
32010
32011
32015
32016
32017
32030
32045
32066
32067
32076
32077
32081
32082
32083
32084
32085
32086
32110
32111
32115
32116
32117
32130
32145
32166
32167
32180
32181
32182
32183
32184
32185
32186
32187
32188
32189
32190
32191
32192
32193
32194
32195
32216
32217
32218
32219
32220
32221
32222
32223
32224
32225
32226
32227
32228
32229
32230
32231
32232
32233
32234
32235
32236
32237
32238
32239
32240
32241
32242
32243
32244
32245
32316
32317
32318
32319
32320
32321
32322
32323
32324
32325
32326
32327
32328
32329
32330
32331
32332
32333
32334
32335
32336
32337
32338
32339
32340
32341
32342
32343
32344
32345
32416
32417
32418
32419
32420
32421
32422
32423
32424
32425
32426
32427
32428
32429
32430
32431
32432
32433
32434
32435
32436
32437
32438
32439
32440
32441
32442
32443
32444
32445
32516
32517
32518
32519
32520
32521
32522
32523
32524
32525
32526
32527
32528
32529
32530
32531
32532
32533
32534
32535
32536
32537
32538
32539
32540
32541
32542
32543
32544
32545
32616
32617
32618
32619
32620
32621
32622
32623
32624
32625
32626
32627
32628
32629
32630
32631
32632
32633
32634
32635
32636
32637
32638
32639
32640
32641
32642
32643
32644
32645
32666
32667
32716
32717
32718
32719
32720
32721
32722
32723
32724
32725
32726
32727
32728
32729
32730
32731
32732
32733
32734
32735
32736
32737
32738
32739
32740
32741
32742
32743
32744
32745
32766
